------
18,
40,
64,
72,
75,
86,
93,
106,
141,
147,
159,
162,
166,
181,
184,
195,
199,
200,
201,
203,
95,55,160,191,183,99,83,31,117,177,205,217,76,128,67,45,74,171,116,146,57,71,102,78,59,114,51,172,44,176,155,179,129,156,14,163,144,215,20,138,150,194,151,157,79,143,37,167,39,70,139,212,7,198,29,98,111,222,90,220,26,30,4,149,152,188,136,148,73,121,43,87,137,214,88,134,126,211,125,170,34,175,23,168,84,164,19,219,197,202,12,127,36,206,50,91,5,221,25,69,2,135,16,112,105,161,3,101,186,190,1,92,10,218,77,123,103,109,124,208,33,145,53,174,133,204,119,169,89,132,9,115,52,113,54,178,56,173,24,213,13,120,66,122,22,49,85,140,58,118,47,108,6,65,46,131,81,130,61,68,11,97,48,223,110,209,210,224,100,192,28,158,60,154,63,82,32,165,104,107,35,187,80,180,62,185,41,189,38,153,0,142,42,182,94,196,15,207,17,21,96,193,27,216,
------
75,
106,
141,
147,
159,
162,
166,
184,
195,
199,
95,55,160,191,183,99,83,31,117,177,205,217,76,128,67,45,74,171,116,146,57,71,102,78,59,114,51,172,44,176,155,179,129,156,14,163,144,215,20,138,150,194,151,157,79,143,37,167,39,70,139,212,7,198,29,98,111,222,90,220,26,30,4,149,152,188,136,148,73,121,43,87,137,214,88,134,126,211,125,170,34,175,23,168,84,164,19,219,197,202,12,127,36,206,50,91,5,221,25,69,2,135,16,112,105,161,3,101,186,190,1,92,10,218,77,123,103,109,124,208,33,145,53,174,133,204,119,169,89,132,9,115,52,113,54,178,56,173,24,213,13,120,66,122,22,49,85,140,58,118,47,108,6,65,46,131,81,130,61,68,11,97,48,223,110,209,210,224,100,192,28,158,60,154,63,82,32,165,104,107,35,187,80,180,62,185,41,189,38,153,0,142,42,182,94,196,15,207,17,21,96,193,27,216,72,200,18,201,86,203,8,181,64,93,
------
75,
106,
147,
159,
162,
166,
195,
199,
95,55,160,191,183,99,83,31,117,177,205,217,76,128,67,45,74,171,116,146,57,71,102,78,59,114,51,172,44,176,155,179,129,156,14,163,144,215,20,138,150,194,151,157,79,143,37,167,39,70,139,212,7,198,29,98,111,222,90,220,26,30,4,149,152,188,136,148,73,121,43,87,137,214,88,134,126,211,125,170,34,175,23,168,84,164,19,219,197,202,12,127,36,206,50,91,5,221,25,69,2,135,16,112,105,161,3,101,186,190,1,92,10,218,77,123,103,109,124,208,33,145,53,174,133,204,119,169,89,132,9,115,52,113,54,178,56,173,24,213,13,120,66,122,22,49,85,140,58,118,47,108,6,65,46,131,81,130,61,68,11,97,48,223,110,209,210,224,100,192,28,158,60,154,63,82,32,165,104,107,35,187,80,180,62,185,41,189,38,153,0,142,42,182,94,196,15,207,17,21,96,193,27,216,72,200,18,201,86,203,8,181,64,93,141,184,
------
106,
147,
159,
162,
166,
199,
95,55,160,191,183,99,83,31,117,177,205,217,76,128,67,45,74,171,116,146,57,71,102,78,59,114,51,172,44,176,155,179,129,156,14,163,144,215,20,138,150,194,151,157,79,143,37,167,39,70,139,212,7,198,29,98,111,222,90,220,26,30,4,149,152,188,136,148,73,121,43,87,137,214,88,134,126,211,125,170,34,175,23,168,84,164,19,219,197,202,12,127,36,206,50,91,5,221,25,69,2,135,16,112,105,161,3,101,186,190,1,92,10,218,77,123,103,109,124,208,33,145,53,174,133,204,119,169,89,132,9,115,52,113,54,178,56,173,24,213,13,120,66,122,22,49,85,140,58,118,47,108,6,65,46,131,81,130,61,68,11,97,48,223,110,209,210,224,100,192,28,158,60,154,63,82,32,165,104,107,35,187,80,180,62,185,41,189,38,153,0,142,42,182,94,196,15,207,17,21,96,193,27,216,72,200,18,201,86,203,8,181,64,93,141,184,
75,195,
------
106,
147,
159,
162,
166,
199,
95,55,160,191,183,99,83,31,117,177,205,217,76,128,67,45,74,171,116,146,57,71,102,78,59,114,51,172,44,176,155,179,129,156,14,163,144,215,20,138,150,194,151,157,79,143,37,167,39,70,139,212,7,198,29,98,111,222,90,220,26,30,4,149,152,188,136,148,73,121,43,87,137,214,88,134,126,211,125,170,34,175,23,168,84,164,19,219,197,202,12,127,36,206,50,91,5,221,25,69,2,135,16,112,105,161,3,101,186,190,1,92,10,218,77,123,103,109,124,208,33,145,53,174,133,204,119,169,89,132,9,115,52,113,54,178,56,173,24,213,13,120,66,122,22,49,85,140,58,118,47,108,6,65,46,131,81,130,61,68,11,97,48,223,110,209,210,224,100,192,28,158,60,154,63,82,32,165,104,107,35,187,80,180,62,185,41,189,38,153,0,142,42,182,94,196,15,207,17,21,96,193,27,216,72,200,18,201,86,203,8,181,64,93,141,184,75,195,
------
147,
159,
162,
166,
95,55,160,191,183,99,83,31,117,177,205,217,76,128,67,45,74,171,116,146,57,71,102,78,59,114,51,172,44,176,155,179,129,156,14,163,144,215,20,138,150,194,151,157,79,143,37,167,39,70,139,212,7,198,29,98,111,222,90,220,26,30,4,149,152,188,136,148,73,121,43,87,137,214,88,134,126,211,125,170,34,175,23,168,84,164,19,219,197,202,12,127,36,206,50,91,5,221,25,69,2,135,16,112,105,161,3,101,186,190,1,92,10,218,77,123,103,109,124,208,33,145,53,174,133,204,119,169,89,132,9,115,52,113,54,178,56,173,24,213,13,120,66,122,22,49,85,140,58,118,47,108,6,65,46,131,81,130,61,68,11,97,48,223,110,209,210,224,100,192,28,158,60,154,63,82,32,165,104,107,35,187,80,180,62,185,41,189,38,153,0,142,42,182,94,196,15,207,17,21,96,193,27,216,72,200,18,201,86,203,8,181,64,93,141,184,75,195,
40,199,
------
147,
159,
162,
166,
95,55,160,191,183,99,83,31,117,177,205,217,76,128,67,45,74,171,116,146,57,71,102,78,59,114,51,172,44,176,155,179,129,156,14,163,144,215,20,138,150,194,151,157,79,143,37,167,39,70,139,212,7,198,29,98,111,222,90,220,26,30,4,149,152,188,136,148,73,121,43,87,137,214,88,134,126,211,125,170,34,175,23,168,84,164,19,219,197,202,12,127,36,206,50,91,5,221,25,69,2,135,16,112,105,161,3,101,186,190,1,92,10,218,77,123,103,109,124,208,33,145,53,174,133,204,119,169,89,132,9,115,52,113,54,178,56,173,24,213,13,120,66,122,22,49,85,140,58,118,47,108,6,65,46,131,81,130,61,68,11,97,48,223,110,209,210,224,100,192,28,158,60,154,63,82,32,165,104,107,35,187,80,180,62,185,41,189,38,153,0,142,42,182,94,196,15,207,17,21,96,193,27,216,72,200,18,201,86,203,8,181,64,93,141,184,75,195,40,199,
------
159,
162,
95,55,160,191,183,99,83,31,117,177,205,217,76,128,67,45,74,171,116,146,57,71,102,78,59,114,51,172,44,176,155,179,129,156,14,163,144,215,20,138,150,194,151,157,79,143,37,167,39,70,139,212,7,198,29,98,111,222,90,220,26,30,4,149,152,188,136,148,73,121,43,87,137,214,88,134,126,211,125,170,34,175,23,168,84,164,19,219,197,202,12,127,36,206,50,91,5,221,25,69,2,135,16,112,105,161,3,101,186,190,1,92,10,218,77,123,103,109,124,208,33,145,53,174,133,204,119,169,89,132,9,115,52,113,54,178,56,173,24,213,13,120,66,122,22,49,85,140,58,118,47,108,6,65,46,131,81,130,61,68,11,97,48,223,110,209,210,224,100,192,28,158,60,154,63,82,32,165,104,107,35,187,80,180,62,185,41,189,38,153,0,142,42,182,94,196,15,207,17,21,96,193,27,216,72,200,18,201,86,203,8,181,64,93,141,184,75,195,40,199,
147,166,
------
159,
162,
95,55,160,191,183,99,83,31,117,177,205,217,76,128,67,45,74,171,116,146,57,71,102,78,59,114,51,172,44,176,155,179,129,156,14,163,144,215,20,138,150,194,151,157,79,143,37,167,39,70,139,212,7,198,29,98,111,222,90,220,26,30,4,149,152,188,136,148,73,121,43,87,137,214,88,134,126,211,125,170,34,175,23,168,84,164,19,219,197,202,12,127,36,206,50,91,5,221,25,69,2,135,16,112,105,161,3,101,186,190,1,92,10,218,77,123,103,109,124,208,33,145,53,174,133,204,119,169,89,132,9,115,52,113,54,178,56,173,24,213,13,120,66,122,22,49,85,140,58,118,47,108,6,65,46,131,81,130,61,68,11,97,48,223,110,209,210,224,100,192,28,158,60,154,63,82,32,165,104,107,35,187,80,180,62,185,41,189,38,153,0,142,42,182,94,196,15,207,17,21,96,193,27,216,72,200,18,201,86,203,8,181,64,93,141,184,75,195,40,199,147,166,
------
95,55,160,191,183,99,83,31,117,177,205,217,76,128,67,45,74,171,116,146,57,71,102,78,59,114,51,172,44,176,155,179,129,156,14,163,144,215,20,138,150,194,151,157,79,143,37,167,39,70,139,212,7,198,29,98,111,222,90,220,26,30,4,149,152,188,136,148,73,121,43,87,137,214,88,134,126,211,125,170,34,175,23,168,84,164,19,219,197,202,12,127,36,206,50,91,5,221,25,69,2,135,16,112,105,161,3,101,186,190,1,92,10,218,77,123,103,109,124,208,33,145,53,174,133,204,119,169,89,132,9,115,52,113,54,178,56,173,24,213,13,120,66,122,22,49,85,140,58,118,47,108,6,65,46,131,81,130,61,68,11,97,48,223,110,209,210,224,100,192,28,158,60,154,63,82,32,165,104,107,35,187,80,180,62,185,41,189,38,153,0,142,42,182,94,196,15,207,17,21,96,193,27,216,72,200,18,201,86,203,8,181,64,93,141,184,75,195,40,199,147,166,
106,159,
------
1,
3,
6,
7,
9,
12,
13,
14,
15,
17,
18,
21,
22,
23,
24,
25,
26,
27,
28,
16,29,11,19,4,10,2,8,
5,20,
------
7,
9,
13,
14,
15,
17,
21,
23,
27,
16,29,11,19,4,10,2,8,5,20,18,26,1,25,6,28,3,12,
22,24,
------
9,
13,
14,
15,
17,
21,
27,
16,29,11,19,4,10,2,8,5,20,18,26,1,25,6,28,3,12,22,24,
7,23,
------
9,
13,
14,
15,
17,
21,
27,
16,29,11,19,4,10,2,8,5,20,18,26,1,25,6,28,3,12,22,24,7,23,
------
13,
14,
15,
17,
27,
16,29,11,19,4,10,2,8,5,20,18,26,1,25,6,28,3,12,22,24,7,23,
9,21,
------
13,
14,
15,
17,
27,
16,29,11,19,4,10,2,8,5,20,18,26,1,25,6,28,3,12,22,24,7,23,9,21,
------
14,
17,
27,
16,29,11,19,4,10,2,8,5,20,18,26,1,25,6,28,3,12,22,24,7,23,9,21,
0,15,
------
14,
17,
27,
16,29,11,19,4,10,2,8,5,20,18,26,1,25,6,28,3,12,22,24,7,23,9,21,0,15,
------
27,
16,29,11,19,4,10,2,8,5,20,18,26,1,25,6,28,3,12,22,24,7,23,9,21,0,15,
13,14,
------
27,
16,29,11,19,4,10,2,8,5,20,18,26,1,25,6,28,3,12,22,24,7,23,9,21,0,15,13,14,
------
1,
2,
3,
6,
7,
9,
10,
12,
13,
14,
16,
18,
20,
21,
22,
23,
25,
26,
27,
28,
15,29,5,4,8,11,17,19,24,
------
9,
10,
12,
13,
14,
16,
18,
20,
22,
25,
27,6,15,29,5,4,8,11,17,19,24,1,23,2,26,3,28,0,21,
------
9,
10,
13,
14,
16,
18,
22,
25,
27,6,15,29,5,4,8,11,17,19,24,1,23,2,26,3,28,0,21,12,20,
------
10,
13,
16,
18,
22,
25,
27,6,15,29,5,4,8,11,17,19,24,1,23,2,26,3,28,0,21,12,20,
7,14,
------
10,
13,
16,
18,
22,
25,
27,6,15,29,5,4,8,11,17,19,24,1,23,2,26,3,28,0,21,12,20,7,14,
------
10,
16,
18,
25,
27,6,15,29,5,4,8,11,17,19,24,1,23,2,26,3,28,0,21,12,20,7,14,
13,22,
------
10,
16,
18,
25,
27,6,15,29,5,4,8,11,17,19,24,1,23,2,26,3,28,0,21,12,20,7,14,13,22,
------
10,
18,
27,6,15,29,5,4,8,11,17,19,24,1,23,2,26,3,28,0,21,12,20,7,14,13,22,
16,25,
------
10,
18,
27,6,15,29,5,4,8,11,17,19,24,1,23,2,26,3,28,0,21,12,20,7,14,13,22,16,25,
------
18,
9,27,6,15,29,5,4,8,11,17,19,24,1,23,2,26,3,28,0,21,12,20,7,14,13,22,16,25,
