72,
98,
112,
128,
144,
151,
177,
183,
213,
223,
3,77,132,160,156,137,30,172,20,84,37,27,22,36,147,125,75,117,127,158,81,154,94,167,91,121,150,204,100,102,120,155,49,166,42,224,12,198,80,218,1,101,47,170,57,182,122,215,53,149,99,176,95,192,24,129,52,141,89,111,5,17,21,58,41,71,73,222,10,135,31,209,56,107,83,168,88,115,16,139,86,114,85,118,106,217,189,205,136,202,13,178,68,130,195,207,19,55,61,64,76,164,14,162,0,203,79,116,59,131,105,108,48,208,46,133,2,66,206,216,70,180,165,173,6,153,134,157,8,197,23,67,124,211,11,161,18,200,60,185,33,212,4,44,82,171,25,152,199,201,163,184,40,175,87,193,45,190,29,69,38,196,62,181,26,145,90,219,9,92,35,142,110,214,15,119,138,210,187,220,104,179,93,221,113,159,140,143,28,194,39,97,51,123,32,186,7,188,54,103,96,146,78,126,50,148,34,169,74,174,65,109,43,191,

112,19,219,205,155,154,140,36,21,63,208,209,221,188,52,217,100,96,199,70,57,62,123,167,76,87,133,210,9,170,61,177,17,91,25,152,144,201,69,81,45,138,1,94,160,169,4,105,78,222,15,149,24,75,93,168,79,124,107,166,122,215,64,142,51,85,135,218,60,86,49,174,130,181,6,202,32,98,42,126,66,200,83,89,92,206,158,176,41,198,7,129,5,146,80,148,38,204,8,53,43,159,28,77,27,103,48,183,0,119,125,191,153,172,39,214,116,164,143,182,74,106,141,171,54,194,72,99,18,88,128,147,163,193,121,196,67,184,16,33,84,162,29,55,44,115,46,50,40,213,101,137,157,165,113,175,82,108,102,132,13,207,65,224,35,136,26,145,58,95,10,90,118,195,192,216,151,161,68,139,104,156,187,197,22,47,73,212,14,37,56,131,59,180,110,150,20,31,11,220,173,189,71,114,134,186,23,203,109,190,97,120,34,178,185,211,12,127,30,179,
2,111,